83
Cry12Aa1    0.000000 0.875467 0.673827 0.770658 0.884176 0.888102 0.872168 0.865697 0.894428 0.893333 0.864144 0.865617 0.840426 0.874459 0.887692 0.851515 0.887812 0.861516 0.879077 0.856790 0.859788 0.861512 0.887694 0.866258 0.881944 0.866513 0.871058 0.889774 0.851621 0.874251 0.872159 0.873730 0.894073 0.858434 0.878299 0.880668 0.850000 0.888889 0.860606 0.898209 0.655529 0.874680 0.727924 0.877037 0.893316 0.864757 0.848485 0.887097 0.859135 0.850291 0.902054 0.848214 0.841950 0.863166 0.870513 0.855841 0.884558 0.894049 0.889535 0.859692 0.870326 0.873529 0.885870 0.886997 0.824236 0.880952 0.849186 0.832492 0.892347 0.858911 0.823691 0.881262 0.890671 0.857026 0.850438 0.839798 0.890841 0.827538 0.870458 0.902219 0.895853 0.881051 0.824841
Cry13Aa1    0.875467 0.000000 0.825654 0.711083 0.887439 0.878187 0.870550 0.894147 0.879765 0.877037 0.889166 0.897883 0.895392 0.904110 0.886154 0.875758 0.890582 0.858601 0.897883 0.879203 0.881694 0.877958 0.831880 0.875467 0.860523 0.886675 0.884184 0.885790 0.875312 0.887725 0.879261 0.889695 0.892812 0.858434 0.881232 0.885430 0.876471 0.895392 0.890411 0.889166 0.831880 0.873402 0.816936 0.865185 0.888175 0.894147 0.869697 0.879032 0.859135 0.882267 0.890995 0.889166 0.892171 0.864259 0.892308 0.884184 0.887556 0.867925 0.890988 0.891656 0.865504 0.880882 0.877717 0.886997 0.876712 0.880448 0.901619 0.890411 0.899128 0.875467 0.885430 0.887920 0.887755 0.894147 0.871731 0.892902 0.897114 0.887344 0.887836 0.884184 0.890411 0.879668 0.893312
Cry5Aa1     0.673827 0.825654 0.000000 0.781619 0.869494 0.886686 0.881877 0.836612 0.876833 0.866667 0.852966 0.872881 0.847518 0.850216 0.867692 0.884848 0.880886 0.865889 0.878720 0.880247 0.873898 0.868309 0.882915 0.889571 0.888889 0.678941 0.859926 0.887118 0.890274 0.880240 0.859375 0.889695 0.894073 0.868976 0.885630 0.873508 0.847059 0.892473 0.862338 0.887842 0.637048 0.901535 0.750384 0.885926 0.889460 0.873518 0.878788 0.884409 0.895397 0.882267 0.884676 0.866071 0.862629 0.867870 0.894872 0.867440 0.878561 0.857765 0.886628 0.845093 0.880935 0.895588 0.887228 0.885449 0.853712 0.859606 0.847472 0.849327 0.892347 0.867574 0.854913 0.846011 0.880466 0.848856 0.873910 0.859191 0.888331 0.856745 0.857820 0.900575 0.898618 0.890733 0.831210
Cry14Aa1    0.770658 0.711083 0.781619 0.000000 0.877651 0.882436 0.883495 0.869119 0.876833 0.888889 0.851247 0.888620 0.843085 0.870130 0.870769 0.884848 0.879501 0.896501 0.845700 0.859259 0.876543 0.851317 0.857826 0.880982 0.877315 0.865362 0.837662 0.883134 0.894015 0.898204 0.886364 0.870827 0.892812 0.891566 0.869501 0.850759 0.869118 0.885305 0.841558 0.891612 0.770658 0.888747 0.727656 0.881481 0.881748 0.833052 0.901515 0.887097 0.892608 0.886628 0.886256 0.878583 0.861152 0.835582 0.893590 0.839798 0.878561 0.888244 0.877907 0.853288 0.881956 0.891176 0.888587 0.886997 0.831878 0.860034 0.862039 0.834739 0.907251 0.882426 0.869605 0.851577 0.889213 0.856661 0.830523 0.870995 0.890841 0.851182 0.878357 0.903035 0.896774 0.881051 0.839172
Cry16Aa1    0.884176 0.887439 0.869494 0.877651 0.000000 0.856444 0.804241 0.831974 0.822186 0.867863 0.820555 0.791191 0.812398 0.866232 0.799347 0.820555 0.887439 0.846656 0.843393 0.841762 0.841762 0.835237 0.882545 0.887439 0.846656 0.885808 0.840131 0.874388 0.836868 0.835237 0.835237 0.845024 0.880914 0.823817 0.872757 0.846656 0.838499 0.879282 0.853181 0.890701 0.897227 0.861338 0.866232 0.862969 0.895595 0.848287 0.818923 0.858075 0.835237 0.827080 0.903752 0.841762 0.841762 0.854812 0.849918 0.833605 0.871126 0.843393 0.843393 0.836868 0.856444 0.843393 0.871126 0.874388 0.823817 0.823817 0.822186 0.831974 0.895595 0.853181 0.838499 0.814029 0.800979 0.835237 0.859706 0.800979 0.882545 0.825449 0.874388 0.893964 0.890701 0.864600 0.905383
Cry18Aa1    0.888102 0.878187 0.886686 0.882436 0.856444 0.000000 0.873786 0.890935 0.853372 0.888889 0.865439 0.861190 0.885269 0.888102 0.858462 0.866667 0.893768 0.861516 0.866856 0.871105 0.859773 0.881020 0.875354 0.865439 0.872521 0.875354 0.886686 0.852691 0.871105 0.851796 0.880682 0.875181 0.892351 0.844880 0.862170 0.855524 0.894118 0.875354 0.892351 0.902266 0.888102 0.883853 0.876771 0.877037 0.873938 0.876771 0.857576 0.895184 0.864023 0.860465 0.897314 0.855524 0.899557 0.875354 0.878187 0.866856 0.682159 0.870827 0.889535 0.855524 0.889518 0.889706 0.890935 0.848297 0.868272 0.886686 0.883853 0.865439 0.892351 0.868272 0.885269 0.885269 0.870262 0.855524 0.893768 0.900850 0.879603 0.849858 0.674566 0.886686 0.890935 0.890935 0.890127
Cry17Aa1    0.872168 0.870550 0.881877 0.883495 0.804241 0.873786 0.000000 0.839806 0.838188 0.860841 0.820388 0.783172 0.828479 0.868932 0.796117 0.817152 0.894822 0.839806 0.831715 0.859223 0.815534 0.852751 0.883495 0.873786 0.833333 0.885113 0.836570 0.868932 0.843042 0.823625 0.851133 0.873786 0.877023 0.820388 0.847896 0.836570 0.826861 0.883495 0.847896 0.875405 0.883495 0.836570 0.891586 0.854369 0.857605 0.851133 0.822006 0.838188 0.831715 0.825243 0.885113 0.833333 0.830097 0.860841 0.852751 0.815534 0.888350 0.813916 0.844660 0.846278 0.886731 0.855987 0.854369 0.891586 0.822006 0.864078 0.849515 0.823625 0.891586 0.830097 0.838188 0.825243 0.834951 0.846278 0.868932 0.825243 0.889968 0.822006 0.886731 0.886731 0.889968 0.846278 0.902913
Cry9Da1     0.865697 0.894147 0.836612 0.869119 0.831974 0.890935 0.839806 0.000000 0.831378 0.795556 0.659501 0.851090 0.687057 0.763636 0.806154 0.762121 0.885042 0.778426 0.731394 0.813580 0.675485 0.776732 0.894863 0.883436 0.837963 0.887227 0.789425 0.888446 0.795511 0.763473 0.796875 0.817126 0.891551 0.799699 0.816716 0.680924 0.811765 0.848268 0.725541 0.880302 0.852010 0.859335 0.841745 0.783704 0.894602 0.718563 0.701515 0.827957 0.767085 0.795058 0.890995 0.625321 0.675037 0.736527 0.829487 0.671514 0.856072 0.789550 0.857558 0.708298 0.753636 0.794118 0.813859 0.869969 0.757642 0.758768 0.722365 0.738238 0.901625 0.834158 0.625344 0.690167 0.782799 0.705731 0.728828 0.718563 0.879548 0.642559 0.878357 0.901625 0.863594 0.816044 0.757962
Cry19Ba1    0.894428 0.879765 0.876833 0.876833 0.822186 0.853372 0.838188 0.831378 0.000000 0.791111 0.809384 0.771261 0.810850 0.868035 0.807692 0.675758 0.897361 0.746334 0.768328 0.803519 0.810850 0.804985 0.879765 0.847507 0.784457 0.891496 0.859238 0.878299 0.809384 0.729042 0.623167 0.768328 0.875367 0.801205 0.859238 0.771261 0.717647 0.841642 0.813783 0.866569 0.891496 0.838710 0.891496 0.780741 0.875367 0.812317 0.774242 0.797654 0.778592 0.800587 0.903633 0.797654 0.794682 0.870968 0.775660 0.809384 0.856072 0.838710 0.846041 0.731672 0.832845 0.795588 0.778592 0.879257 0.759531 0.800587 0.596774 0.703812 0.891496 0.851906 0.788856 0.734604 0.491202 0.730205 0.834311 0.714076 0.887097 0.777126 0.848341 0.895894 0.891496 0.797654 0.890127
Cry25Aa1    0.893333 0.877037 0.866667 0.888889 0.867863 0.888889 0.860841 0.795556 0.791111 0.000000 0.798519 0.828148 0.854815 0.860741 0.827692 0.786364 0.896296 0.794074 0.831111 0.802963 0.847407 0.851852 0.890370 0.877037 0.810370 0.894815 0.850370 0.885926 0.798519 0.788922 0.792593 0.813333 0.875556 0.810241 0.829630 0.805926 0.813333 0.770370 0.832593 0.868148 0.877037 0.835556 0.891852 0.748148 0.888889 0.801481 0.806061 0.792593 0.819259 0.810370 0.897314 0.834074 0.842963 0.801481 0.807407 0.805926 0.887556 0.764444 0.872593 0.820741 0.819259 0.797037 0.832593 0.888545 0.847407 0.831111 0.831111 0.826667 0.881481 0.805926 0.794074 0.808889 0.777778 0.814815 0.795556 0.829630 0.884444 0.819259 0.887836 0.885926 0.891852 0.822222 0.893312
Cry26Aa1    0.864144 0.889166 0.852966 0.851247 0.820555 0.865439 0.820388 0.659501 0.809384 0.798519 0.000000 0.845036 0.615248 0.799134 0.823077 0.760606 0.883657 0.800292 0.749785 0.807407 0.694004 0.792777 0.887694 0.878528 0.796296 0.886076 0.806122 0.876494 0.809227 0.711078 0.802557 0.827286 0.902900 0.825301 0.809384 0.704213 0.832353 0.881720 0.714286 0.877474 0.871883 0.826087 0.840069 0.805926 0.899743 0.767842 0.716667 0.868280 0.748954 0.818314 0.887836 0.678418 0.692762 0.797936 0.844872 0.650903 0.871064 0.773585 0.875000 0.710232 0.791058 0.814706 0.854620 0.863777 0.760917 0.731728 0.705933 0.733448 0.898538 0.789604 0.676768 0.748609 0.785714 0.769561 0.776440 0.765262 0.897114 0.682893 0.856240 0.901118 0.832258 0.811895 0.743631
Cry27Aa1    0.865617 0.897883 0.872881 0.888620 0.791191 0.861190 0.783172 0.851090 0.771261 0.828148 0.845036 0.000000 0.842615 0.899516 0.760000 0.774242 0.900277 0.807580 0.857143 0.822222 0.837772 0.859564 0.877724 0.889571 0.847458 0.892252 0.880145 0.883134 0.837905 0.779940 0.819602 0.808418 0.861286 0.750000 0.850440 0.849879 0.791176 0.832930 0.865617 0.884988 0.883777 0.855499 0.895884 0.828148 0.897172 0.836562 0.815152 0.822581 0.793584 0.829942 0.889415 0.845036 0.849335 0.854722 0.810256 0.829298 0.853073 0.808418 0.853198 0.814770 0.858354 0.844118 0.819293 0.888545 0.831719 0.860775 0.836562 0.838983 0.905569 0.849010 0.813559 0.846247 0.788630 0.806295 0.832930 0.830508 0.868256 0.842837 0.853081 0.893462 0.895884 0.852006 0.883758
Cry28Aa2    0.840426 0.895392 0.847518 0.843085 0.812398 0.885269 0.828479 0.687057 0.810850 0.854815 0.615248 0.842615 0.000000 0.785461 0.801538 0.827273 0.887812 0.846939 0.715426 0.827160 0.722518 0.717199 0.885305 0.894479 0.847222 0.881473 0.780148 0.888446 0.857855 0.797904 0.808239 0.824383 0.892812 0.840361 0.846041 0.734043 0.863235 0.890084 0.694149 0.885957 0.844858 0.872123 0.867908 0.877037 0.895887 0.752660 0.793939 0.776882 0.836820 0.818314 0.890995 0.703014 0.769572 0.752660 0.847436 0.724291 0.881559 0.825835 0.860465 0.663121 0.744681 0.776471 0.775815 0.885449 0.744541 0.703014 0.694149 0.692376 0.894504 0.845297 0.712580 0.710575 0.800292 0.654255 0.715426 0.679078 0.895859 0.774687 0.881517 0.902482 0.815668 0.822960 0.710191
Cry1A-like  0.874459 0.904110 0.850216 0.870130 0.866232 0.888102 0.868932 0.763636 0.868035 0.860741 0.799134 0.899516 0.785461 0.000000 0.883077 0.848485 0.898892 0.887755 0.791342 0.849383 0.817460 0.826840 0.902031 0.896933 0.884259 0.899885 0.808905 0.895086 0.874065 0.823353 0.877841 0.876633 0.889029 0.868976 0.878299 0.660606 0.901471 0.878136 0.806061 0.903864 0.845022 0.892583 0.874459 0.880000 0.897172 0.790476 0.836364 0.900538 0.863319 0.877907 0.898894 0.774892 0.682422 0.799134 0.876923 0.775758 0.884558 0.891147 0.892442 0.791342 0.800866 0.855882 0.883152 0.888545 0.801310 0.797403 0.792208 0.817316 0.898701 0.847772 0.778696 0.802412 0.864431 0.788745 0.808658 0.796537 0.889586 0.680111 0.862559 0.906494 0.897696 0.889350 0.847134
Cry29Aa1    0.887692 0.886154 0.867692 0.870769 0.799347 0.858462 0.796117 0.806154 0.807692 0.827692 0.823077 0.760000 0.801538 0.883077 0.000000 0.770769 0.889231 0.781538 0.809231 0.818462 0.815385 0.849231 0.870769 0.883077 0.804615 0.876923 0.856923 0.856923 0.836923 0.775385 0.766154 0.786154 0.892308 0.738462 0.816923 0.844615 0.753846 0.855385 0.827692 0.881538 0.896923 0.818462 0.883077 0.850769 0.867692 0.796923 0.810769 0.773846 0.800000 0.820000 0.895735 0.820000 0.821538 0.821538 0.820000 0.830769 0.860000 0.803077 0.843077 0.753846 0.853846 0.755385 0.724615 0.882353 0.750769 0.864615 0.818462 0.800000 0.898462 0.816923 0.807692 0.781538 0.773846 0.750769 0.735385 0.783077 0.881538 0.820000 0.862559 0.880000 0.890769 0.864615 0.902866
Cry39Aa1    0.851515 0.875758 0.884848 0.884848 0.820555 0.866667 0.817152 0.762121 0.675758 0.786364 0.760606 0.774242 0.827273 0.848485 0.770769 0.000000 0.892424 0.742424 0.745455 0.774242 0.815152 0.803030 0.884848 0.869697 0.750000 0.865152 0.834848 0.872727 0.787879 0.686364 0.689394 0.793939 0.892424 0.750000 0.795455 0.753030 0.754545 0.854545 0.810606 0.878788 0.884848 0.801515 0.886364 0.763636 0.871212 0.756061 0.786364 0.769697 0.759091 0.792424 0.887836 0.793939 0.769697 0.806061 0.793939 0.816667 0.871212 0.746970 0.856061 0.712121 0.774242 0.774242 0.748485 0.890093 0.754545 0.789394 0.725758 0.759091 0.893939 0.775758 0.736364 0.753030 0.657576 0.707576 0.768182 0.689394 0.892424 0.757576 0.857820 0.892424 0.895455 0.777273 0.898089
Cry22Aa2    0.887812 0.890582 0.880886 0.879501 0.887439 0.893768 0.894822 0.885042 0.897361 0.896296 0.883657 0.900277 0.887812 0.898892 0.889231 0.892424 0.000000 0.886297 0.886427 0.893352 0.885042 0.898892 0.890582 0.897507 0.889197 0.885042 0.897507 0.887812 0.883657 0.901198 0.890625 0.896952 0.897507 0.891566 0.891496 0.887812 0.905882 0.898892 0.894737 0.891967 0.889197 0.904432 0.879501 0.894815 0.890582 0.885042 0.896970 0.891967 0.902371 0.899709 0.483412 0.896122 0.892171 0.893352 0.898892 0.885042 0.898051 0.892598 0.890988 0.890582 0.886427 0.880882 0.893352 0.894737 0.883657 0.891967 0.885042 0.889197 0.887812 0.894737 0.882271 0.889197 0.900875 0.889197 0.889197 0.894737 0.894737 0.887344 0.905213 0.890582 0.889197 0.891967 0.904459
Cry44Aa1    0.861516 0.858601 0.865889 0.896501 0.846656 0.861516 0.839806 0.778426 0.746334 0.794074 0.800292 0.807580 0.846939 0.887755 0.781538 0.742424 0.886297 0.000000 0.823615 0.774052 0.832362 0.845481 0.880466 0.846939 0.763848 0.886297 0.838192 0.874636 0.776968 0.776946 0.746356 0.782799 0.892128 0.810241 0.778592 0.816327 0.795588 0.820700 0.820700 0.855685 0.876093 0.851312 0.895044 0.808889 0.851312 0.813411 0.774242 0.765306 0.788630 0.819242 0.892575 0.784257 0.791728 0.790087 0.795918 0.775510 0.857571 0.715743 0.838192 0.779883 0.801749 0.816176 0.790087 0.897833 0.826531 0.839650 0.775510 0.813411 0.897959 0.752187 0.787172 0.807580 0.781341 0.769679 0.759475 0.800292 0.897959 0.811953 0.862559 0.879009 0.884840 0.809038 0.891720
Cry43Aa1    0.879077 0.897883 0.878720 0.845700 0.843393 0.866856 0.831715 0.731394 0.768328 0.831111 0.749785 0.857143 0.715426 0.791342 0.809231 0.745455 0.886427 0.823615 0.000000 0.840741 0.715168 0.762957 0.897252 0.893252 0.833333 0.897583 0.781076 0.903054 0.810474 0.663174 0.832386 0.838897 0.876419 0.790663 0.818182 0.727128 0.801471 0.860215 0.769697 0.895382 0.880271 0.852941 0.870200 0.786667 0.894602 0.684585 0.778788 0.811828 0.691771 0.811047 0.886256 0.715909 0.719350 0.773810 0.821795 0.706711 0.853073 0.809869 0.861919 0.695053 0.760417 0.797059 0.836957 0.869969 0.739083 0.719212 0.673522 0.690236 0.906644 0.847772 0.664830 0.706865 0.803207 0.695261 0.726408 0.655143 0.890841 0.700974 0.848341 0.898932 0.870968 0.810512 0.732484
Cry42Aa1    0.856790 0.879203 0.880247 0.859259 0.841762 0.871105 0.859223 0.813580 0.803519 0.802963 0.807407 0.822222 0.827160 0.849383 0.818462 0.774242 0.893352 0.774052 0.840741 0.000000 0.823457 0.837037 0.892593 0.876543 0.614815 0.893827 0.855556 0.889774 0.633416 0.805389 0.830966 0.802612 0.886507 0.816265 0.734604 0.822222 0.797059 0.851852 0.834568 0.862963 0.885185 0.813299 0.880247 0.795556 0.874036 0.807407 0.784848 0.810484 0.781032 0.811047 0.889415 0.785185 0.771049 0.787654 0.850000 0.796296 0.874063 0.783745 0.882267 0.837037 0.802469 0.825000 0.801630 0.888545 0.816049 0.838272 0.849383 0.839506 0.901235 0.615099 0.775309 0.858025 0.823615 0.800000 0.808642 0.793827 0.893350 0.755216 0.864139 0.834568 0.900000 0.745505 0.901274
Cry47Aa1    0.859788 0.881694 0.873898 0.876543 0.841762 0.859773 0.815534 0.675485 0.810850 0.847407 0.694004 0.837772 0.722518 0.817460 0.815385 0.815152 0.885042 0.832362 0.715168 0.823457 0.000000 0.748677 0.890084 0.876074 0.839120 0.887227 0.804267 0.884462 0.799252 0.738024 0.796875 0.815675 0.876419 0.835843 0.800587 0.668430 0.816176 0.861410 0.681658 0.881244 0.872134 0.831202 0.869489 0.816296 0.893316 0.716931 0.701515 0.869624 0.747559 0.790698 0.898894 0.649030 0.719350 0.759259 0.826923 0.694004 0.862069 0.791001 0.854651 0.726631 0.753086 0.860294 0.828804 0.888545 0.771834 0.767196 0.737213 0.738977 0.902116 0.814356 0.646465 0.703154 0.819242 0.729277 0.750441 0.713404 0.884567 0.673157 0.862559 0.895062 0.907834 0.850622 0.797771
Cry48Aa2    0.861512 0.877958 0.868309 0.851317 0.835237 0.881020 0.852751 0.776732 0.804985 0.851852 0.792777 0.859564 0.717199 0.826840 0.849231 0.803030 0.898892 0.845481 0.762957 0.837037 0.748677 0.000000 0.892473 0.894479 0.856481 0.873418 0.808905 0.884462 0.811721 0.824850 0.862216 0.785196 0.881463 0.873494 0.818182 0.795242 0.823529 0.863799 0.754978 0.892554 0.853016 0.884910 0.849618 0.837037 0.886889 0.769754 0.798485 0.840054 0.845188 0.840116 0.892575 0.781648 0.819793 0.765506 0.844872 0.773152 0.883058 0.827286 0.886628 0.719626 0.779949 0.785294 0.769022 0.888545 0.745633 0.740017 0.742931 0.731521 0.892099 0.852723 0.753903 0.746753 0.810496 0.739167 0.750212 0.731521 0.893350 0.820584 0.867299 0.903144 0.900461 0.831259 0.765924
Cry58Aa1    0.887694 0.831880 0.882915 0.857826 0.882545 0.875354 0.883495 0.894863 0.879765 0.890370 0.887694 0.877724 0.885305 0.902031 0.870769 0.884848 0.890582 0.880466 0.897252 0.892593 0.890084 0.892473 0.000000 0.883436 0.880526 0.893668 0.893668 0.885790 0.891521 0.893713 0.880682 0.882438 0.890290 0.890060 0.887097 0.882915 0.888235 0.892473 0.892473 0.885305 0.832736 0.882353 0.878136 0.875556 0.880463 0.882915 0.892424 0.883065 0.892608 0.893895 0.894155 0.884110 0.895126 0.885305 0.879487 0.892473 0.872564 0.888244 0.898256 0.885305 0.884110 0.866176 0.891304 0.885449 0.887694 0.891278 0.885305 0.890084 0.892473 0.888614 0.891278 0.891278 0.880466 0.887694 0.879331 0.890084 0.888331 0.883171 0.884676 0.891278 0.902031 0.887967 0.901274
Cry70Bb1    0.866258 0.875467 0.889571 0.880982 0.887439 0.865439 0.873786 0.883436 0.847507 0.877037 0.878528 0.889571 0.894479 0.896933 0.883077 0.869697 0.897507 0.846939 0.893252 0.876543 0.876074 0.894479 0.883436 0.000000 0.873620 0.873620 0.869939 0.887118 0.851621 0.850299 0.880682 0.876633 0.899117 0.852410 0.856305 0.895706 0.869118 0.901840 0.892025 0.893252 0.889571 0.870844 0.884663 0.848889 0.850900 0.860123 0.872727 0.866935 0.860530 0.867733 0.886256 0.892025 0.850812 0.880982 0.873077 0.896933 0.901049 0.850508 0.869186 0.872393 0.869939 0.869118 0.869565 0.882353 0.896933 0.878528 0.888344 0.873620 0.892025 0.856436 0.855215 0.874847 0.842566 0.878528 0.871166 0.877301 0.892095 0.849791 0.865719 0.892025 0.892025 0.853389 0.899682
Cry41Ba2    0.881944 0.860523 0.888889 0.877315 0.846656 0.872521 0.833333 0.837963 0.784457 0.810370 0.796296 0.847458 0.847222 0.884259 0.804615 0.750000 0.889197 0.763848 0.833333 0.614815 0.839120 0.856481 0.880526 0.873620 0.000000 0.896991 0.856481 0.875166 0.682045 0.778443 0.835227 0.833091 0.873897 0.804217 0.760997 0.829861 0.805882 0.876941 0.870370 0.864583 0.895833 0.723785 0.898148 0.820741 0.884319 0.837963 0.753030 0.850806 0.782427 0.809593 0.892575 0.820602 0.785820 0.829861 0.839744 0.815972 0.857571 0.812772 0.873547 0.792824 0.800926 0.807353 0.830163 0.885449 0.832176 0.888889 0.819444 0.828704 0.893519 0.576733 0.788194 0.806713 0.793003 0.797454 0.883102 0.787037 0.887077 0.796940 0.865719 0.859954 0.907407 0.669433 0.886943
Cry5Ea2     0.866513 0.886675 0.678941 0.865362 0.885808 0.875354 0.885113 0.887227 0.891496 0.894815 0.886076 0.892252 0.881473 0.899885 0.876923 0.865152 0.885042 0.886297 0.897583 0.893827 0.887227 0.873418 0.893668 0.873620 0.896991 0.000000 0.896433 0.893758 0.894015 0.895210 0.890625 0.894049 0.885246 0.873494 0.882698 0.888377 0.891176 0.882915 0.891830 0.891830 0.880322 0.893862 0.837745 0.891852 0.895887 0.897583 0.887879 0.883065 0.887029 0.882267 0.889415 0.890679 0.896603 0.892980 0.897436 0.882624 0.890555 0.888244 0.890988 0.896433 0.890679 0.880882 0.885870 0.886997 0.881473 0.874568 0.892980 0.884925 0.898734 0.891089 0.891830 0.890679 0.861516 0.896433 0.888377 0.888377 0.890841 0.881780 0.881517 0.891830 0.902186 0.894882 0.894904
Cry67Aa2    0.871058 0.884184 0.859926 0.837662 0.840131 0.886686 0.836570 0.789425 0.859238 0.850370 0.806122 0.880145 0.780148 0.808905 0.856923 0.834848 0.897507 0.838192 0.781076 0.855556 0.804267 0.808905 0.893668 0.869939 0.856481 0.896433 0.000000 0.889774 0.867830 0.880240 0.892045 0.876633 0.901639 0.887048 0.884164 0.783859 0.848529 0.872162 0.790353 0.899152 0.842301 0.869565 0.877551 0.840000 0.899743 0.761596 0.850000 0.844086 0.839609 0.857558 0.887836 0.779221 0.831610 0.747681 0.864103 0.769944 0.886057 0.843251 0.857558 0.777365 0.735622 0.857353 0.828804 0.885449 0.822052 0.782931 0.776438 0.769017 0.897959 0.856436 0.790353 0.781076 0.849854 0.783859 0.808905 0.776438 0.890841 0.853964 0.892575 0.900742 0.897032 0.875519 0.757962
Cry63Aa1    0.889774 0.885790 0.887118 0.883134 0.874388 0.852691 0.868932 0.888446 0.878299 0.885926 0.876494 0.883134 0.888446 0.895086 0.856923 0.872727 0.887812 0.874636 0.903054 0.889774 0.884462 0.884462 0.885790 0.887118 0.875166 0.893758 0.889774 0.000000 0.876494 0.874251 0.893466 0.880987 0.891102 0.861446 0.875367 0.872510 0.855882 0.892430 0.881806 0.892430 0.887118 0.883134 0.868526 0.875556 0.847278 0.887118 0.875758 0.877688 0.877266 0.886628 0.884676 0.899070 0.895126 0.897742 0.873838 0.867198 0.851574 0.882438 0.886628 0.891102 0.884462 0.879412 0.877717 0.882353 0.871182 0.892430 0.876494 0.877822 0.893758 0.888446 0.885790 0.887118 0.864431 0.888446 0.892430 0.896414 0.888446 0.862309 0.843602 0.889774 0.885790 0.878285 0.885350
Cry73Aa1    0.851621 0.875312 0.890274 0.894015 0.836868 0.871105 0.843042 0.795511 0.809384 0.798519 0.809227 0.837905 0.857855 0.874065 0.836923 0.787879 0.883657 0.776968 0.810474 0.633416 0.799252 0.811721 0.891521 0.851621 0.682045 0.894015 0.867830 0.876494 0.000000 0.794910 0.774148 0.820029 0.897856 0.811747 0.763930 0.821696 0.807353 0.844140 0.859102 0.854115 0.877805 0.837596 0.886534 0.794074 0.888175 0.812968 0.787879 0.821237 0.789400 0.816860 0.892575 0.788030 0.806499 0.806733 0.825641 0.810474 0.863568 0.808418 0.854651 0.816708 0.791771 0.825000 0.835598 0.871517 0.820449 0.822943 0.875312 0.820449 0.900249 0.635910 0.779302 0.815461 0.781341 0.811721 0.831671 0.763092 0.885822 0.784423 0.851501 0.845387 0.889027 0.809129 0.891720
Cry53Ab1    0.874251 0.887725 0.880240 0.898204 0.835237 0.851796 0.823625 0.763473 0.729042 0.788922 0.711078 0.779940 0.797904 0.823353 0.775385 0.686364 0.901198 0.776946 0.663174 0.805389 0.738024 0.824850 0.893713 0.850299 0.778443 0.895210 0.880240 0.874251 0.794910 0.000000 0.761976 0.781437 0.898204 0.742470 0.818862 0.705090 0.769461 0.808383 0.755988 0.872754 0.884731 0.799401 0.892216 0.784431 0.865269 0.711078 0.736364 0.785928 0.663174 0.764970 0.902054 0.721557 0.757485 0.836826 0.799401 0.760479 0.860570 0.769461 0.850299 0.745509 0.821856 0.779940 0.787425 0.896285 0.779940 0.802395 0.772455 0.794910 0.889222 0.790419 0.712575 0.738024 0.736527 0.735030 0.779940 0.709581 0.884731 0.687126 0.837283 0.890719 0.887725 0.782934 0.901274
Cry52Ba1    0.872159 0.879261 0.859375 0.886364 0.835237 0.880682 0.851133 0.796875 0.623167 0.792593 0.802557 0.819602 0.808239 0.877841 0.766154 0.689394 0.890625 0.746356 0.832386 0.830966 0.796875 0.862216 0.880682 0.880682 0.835227 0.890625 0.892045 0.893466 0.774148 0.761976 0.000000 0.754717 0.884943 0.769578 0.804985 0.799716 0.705882 0.806818 0.796875 0.833807 0.889205 0.815341 0.876420 0.760000 0.875000 0.786932 0.801515 0.785511 0.776989 0.787791 0.898894 0.782670 0.813885 0.826705 0.859375 0.815341 0.856072 0.760522 0.832849 0.762784 0.819602 0.770588 0.782670 0.899381 0.809659 0.849432 0.681818 0.732955 0.893466 0.801136 0.788352 0.759943 0.539359 0.774148 0.801136 0.755682 0.889205 0.799716 0.859400 0.889205 0.887784 0.809659 0.890127
Cry30Ea2    0.873730 0.889695 0.889695 0.870827 0.845024 0.875181 0.873786 0.817126 0.768328 0.813333 0.827286 0.808418 0.824383 0.876633 0.786154 0.793939 0.896952 0.782799 0.838897 0.802612 0.815675 0.785196 0.882438 0.876633 0.833091 0.894049 0.876633 0.880987 0.820029 0.781437 0.754717 0.000000 0.896952 0.799699 0.826979 0.806967 0.663235 0.851959 0.837446 0.876633 0.896952 0.851959 0.885341 0.802963 0.882438 0.796807 0.833333 0.724238 0.788099 0.784884 0.897314 0.777939 0.834564 0.796807 0.827286 0.792453 0.872564 0.792453 0.877907 0.754717 0.801161 0.750000 0.751814 0.888545 0.709724 0.806967 0.817126 0.747460 0.899855 0.808418 0.792453 0.808418 0.765306 0.744557 0.753266 0.820029 0.898403 0.830189 0.881517 0.889695 0.891147 0.827286 0.893312
Cry11Bb2    0.894073 0.892812 0.894073 0.892812 0.880914 0.892351 0.877023 0.891551 0.875367 0.875556 0.902900 0.861286 0.892812 0.889029 0.892308 0.892424 0.897507 0.892128 0.876419 0.886507 0.876419 0.881463 0.890290 0.899117 0.873897 0.885246 0.901639 0.891102 0.897856 0.898204 0.884943 0.896952 0.000000 0.887048 0.879765 0.867591 0.892647 0.817150 0.899117 0.885246 0.892812 0.887468 0.881463 0.882963 0.899743 0.882724 0.887879 0.889785 0.885635 0.861919 0.892575 0.872636 0.893648 0.894073 0.862821 0.892812 0.848576 0.882438 0.889535 0.866330 0.882724 0.886765 0.906250 0.419505 0.886507 0.860025 0.881463 0.891551 0.890290 0.892812 0.885246 0.887768 0.893586 0.872636 0.865069 0.875158 0.373266 0.874826 0.848341 0.895334 0.895334 0.900415 0.893312
Cry56Aa2    0.858434 0.858434 0.868976 0.891566 0.823817 0.844880 0.820388 0.799699 0.801205 0.810241 0.825301 0.750000 0.840361 0.868976 0.738462 0.750000 0.891566 0.810241 0.790663 0.816265 0.835843 0.873494 0.890060 0.852410 0.804217 0.873494 0.887048 0.861446 0.811747 0.742470 0.769578 0.799699 0.887048 0.000000 0.826807 0.826807 0.781627 0.841867 0.837349 0.884036 0.882530 0.825301 0.887048 0.826807 0.882530 0.808735 0.840909 0.760542 0.775602 0.816265 0.895735 0.814759 0.829819 0.829819 0.810241 0.810241 0.858434 0.789157 0.865964 0.768072 0.846386 0.771084 0.804217 0.865325 0.777108 0.805723 0.795181 0.780120 0.885542 0.808735 0.808735 0.760542 0.748494 0.762048 0.843373 0.754518 0.875000 0.823795 0.857820 0.893072 0.900602 0.829819 0.894904
Cry62Aa1    0.878299 0.881232 0.885630 0.869501 0.872757 0.862170 0.847896 0.816716 0.859238 0.829630 0.809384 0.850440 0.846041 0.878299 0.816923 0.795455 0.891496 0.778592 0.818182 0.734604 0.800587 0.818182 0.887097 0.856305 0.760997 0.882698 0.884164 0.875367 0.763930 0.818862 0.804985 0.826979 0.879765 0.826807 0.000000 0.826979 0.835294 0.869501 0.882698 0.894428 0.891496 0.777126 0.875367 0.801481 0.857771 0.815249 0.795455 0.807918 0.791789 0.819648 0.890995 0.815249 0.810931 0.759531 0.831378 0.821114 0.872564 0.796188 0.885630 0.812317 0.772727 0.829412 0.807918 0.882353 0.865103 0.856305 0.862170 0.840176 0.897361 0.763930 0.766862 0.800587 0.812317 0.788856 0.804985 0.787390 0.884164 0.800587 0.873618 0.894428 0.897361 0.765396 0.891720
Cry1Bh1     0.880668 0.885430 0.873508 0.850759 0.846656 0.855524 0.836570 0.680924 0.771261 0.805926 0.704213 0.849879 0.734043 0.660606 0.844615 0.753030 0.887812 0.816327 0.727128 0.822222 0.668430 0.795242 0.882915 0.895706 0.829861 0.888377 0.783859 0.872510 0.821696 0.705090 0.799716 0.806967 0.867591 0.826807 0.826979 0.000000 0.780882 0.836320 0.741991 0.885957 0.885442 0.820972 0.866348 0.785185 0.899743 0.750199 0.703030 0.829301 0.755927 0.768895 0.890995 0.651786 0.645495 0.770088 0.826923 0.722452 0.851574 0.798258 0.879360 0.783455 0.796340 0.810294 0.855978 0.862229 0.743450 0.779146 0.719794 0.729798 0.900757 0.797030 0.653811 0.718924 0.784257 0.763072 0.763723 0.725126 0.872020 0.407510 0.853081 0.896467 0.874654 0.803596 0.764331
Cry50Ba1    0.850000 0.876471 0.847059 0.869118 0.838499 0.894118 0.826861 0.811765 0.717647 0.813333 0.832353 0.791176 0.863235 0.901471 0.753846 0.754545 0.905882 0.795588 0.801471 0.797059 0.816176 0.823529 0.888235 0.869118 0.805882 0.891176 0.848529 0.855882 0.807353 0.769461 0.705882 0.663235 0.892647 0.781627 0.835294 0.780882 0.000000 0.832353 0.842647 0.883824 0.894118 0.833824 0.880882 0.811852 0.864706 0.807353 0.781818 0.754412 0.761765 0.823529 0.892575 0.786765 0.807976 0.827941 0.800000 0.829412 0.860570 0.770588 0.850000 0.736765 0.814706 0.747059 0.761765 0.880805 0.516176 0.785294 0.697059 0.335294 0.892647 0.829412 0.782353 0.732353 0.667647 0.732353 0.800000 0.760294 0.880882 0.777941 0.859400 0.891176 0.889706 0.795588 0.883758
Cry68Aa1    0.888889 0.895392 0.892473 0.885305 0.879282 0.875354 0.883495 0.848268 0.841642 0.770370 0.881720 0.832930 0.890084 0.878136 0.855385 0.854545 0.898892 0.820700 0.860215 0.851852 0.861410 0.863799 0.892473 0.901840 0.876941 0.882915 0.872162 0.892430 0.844140 0.808383 0.806818 0.851959 0.817150 0.841867 0.869501 0.836320 0.832353 0.000000 0.859020 0.879331 0.891278 0.895141 0.888889 0.770370 0.897172 0.847073 0.827273 0.861559 0.810321 0.825581 0.902054 0.831541 0.841950 0.838710 0.815385 0.862605 0.872564 0.786647 0.872093 0.859020 0.873357 0.838235 0.816576 0.879257 0.855436 0.888889 0.864994 0.854241 0.892473 0.845297 0.851852 0.830346 0.809038 0.850657 0.835125 0.868578 0.823087 0.820584 0.875197 0.891278 0.892473 0.871369 0.882166
Cry61Aa1    0.860606 0.890411 0.862338 0.841558 0.853181 0.892351 0.847896 0.725541 0.813783 0.832593 0.714286 0.865617 0.694149 0.806061 0.827692 0.810606 0.894737 0.820700 0.769697 0.834568 0.681658 0.754978 0.892473 0.892025 0.870370 0.891830 0.790353 0.881806 0.859102 0.755988 0.796875 0.837446 0.899117 0.837349 0.882698 0.741991 0.842647 0.859020 0.000000 0.898209 0.868398 0.875959 0.851082 0.813333 0.897172 0.722944 0.765152 0.865591 0.783821 0.821221 0.887836 0.718615 0.779911 0.805195 0.855128 0.662338 0.887556 0.825835 0.853198 0.717749 0.791342 0.842647 0.830163 0.885449 0.776201 0.738528 0.719481 0.744589 0.894372 0.832921 0.677686 0.722635 0.807580 0.739394 0.742857 0.767100 0.899624 0.787204 0.879937 0.896970 0.874654 0.878285 0.765924
Cry65Aa1    0.898209 0.889166 0.887842 0.891612 0.890701 0.902266 0.875405 0.880302 0.866569 0.868148 0.877474 0.884988 0.885957 0.903864 0.881538 0.878788 0.891967 0.855685 0.895382 0.862963 0.881244 0.892554 0.885305 0.893252 0.864583 0.891830 0.899152 0.892430 0.854115 0.872754 0.833807 0.876633 0.885246 0.884036 0.894428 0.885957 0.883824 0.879331 0.898209 0.000000 0.889727 0.854220 0.895382 0.893333 0.894602 0.902922 0.883333 0.880376 0.873082 0.876453 0.884676 0.892554 0.868538 0.879359 0.875641 0.894439 0.886057 0.835994 0.879360 0.901979 0.873704 0.867647 0.855978 0.886997 0.871179 0.888784 0.862394 0.897267 0.904807 0.851485 0.885957 0.900094 0.870262 0.903864 0.892554 0.892554 0.877039 0.863700 0.892575 0.892554 0.901979 0.863071 0.883758
Cry5Ca1     0.655529 0.831880 0.637048 0.770658 0.897227 0.888102 0.883495 0.852010 0.891496 0.877037 0.871883 0.883777 0.844858 0.845022 0.896923 0.884848 0.889197 0.876093 0.880271 0.885185 0.872134 0.853016 0.832736 0.889571 0.895833 0.880322 0.842301 0.887118 0.877805 0.884731 0.889205 0.896952 0.892812 0.882530 0.891496 0.885442 0.894118 0.891278 0.868398 0.889727 0.000000 0.895141 0.717358 0.859259 0.899743 0.879842 0.878788 0.884409 0.892608 0.895349 0.887836 0.866071 0.889217 0.887048 0.891026 0.855841 0.884558 0.892598 0.885174 0.861314 0.852410 0.882353 0.861413 0.888545 0.832969 0.852217 0.845758 0.853535 0.890664 0.887376 0.859504 0.882189 0.896501 0.870915 0.878668 0.852445 0.890841 0.859527 0.879937 0.903040 0.890323 0.892116 0.832803
Cry41Ba1    0.874680 0.873402 0.901535 0.888747 0.861338 0.883853 0.836570 0.859335 0.838710 0.835556 0.826087 0.855499 0.872123 0.892583 0.818462 0.801515 0.904432 0.851312 0.852941 0.813299 0.831202 0.884910 0.882353 0.870844 0.723785 0.893862 0.869565 0.883134 0.837596 0.799401 0.815341 0.851959 0.887468 0.825301 0.777126 0.820972 0.833824 0.895141 0.875959 0.854220 0.895141 0.000000 0.892583 0.823704 0.902314 0.850384 0.778788 0.819892 0.811715 0.828488 0.902054 0.820972 0.803545 0.809463 0.875641 0.824808 0.878561 0.817126 0.859012 0.868286 0.805627 0.823529 0.860054 0.893189 0.850384 0.897698 0.841432 0.849105 0.897698 0.836317 0.799233 0.841432 0.842566 0.872123 0.886189 0.829923 0.895141 0.833102 0.875197 0.892583 0.897698 0.712310 0.888535
Cry21Ca1    0.727924 0.816936 0.750384 0.727656 0.866232 0.876771 0.891586 0.841745 0.891496 0.891852 0.840069 0.895884 0.867908 0.874459 0.883077 0.886364 0.879501 0.895044 0.870200 0.880247 0.869489 0.849618 0.878136 0.884663 0.898148 0.837745 0.877551 0.868526 0.886534 0.892216 0.876420 0.885341 0.881463 0.887048 0.875367 0.866348 0.880882 0.888889 0.851082 0.895382 0.717358 0.892583 0.000000 0.884444 0.898458 0.877470 0.859091 0.881720 0.891213 0.872093 0.883096 0.862825 0.864106 0.857143 0.876923 0.835957 0.892054 0.891147 0.880814 0.868613 0.881720 0.880882 0.881793 0.874613 0.843886 0.841544 0.844901 0.857744 0.896552 0.878713 0.873278 0.844156 0.889213 0.863562 0.859635 0.844857 0.887077 0.841446 0.890995 0.907970 0.889401 0.893499 0.820064
Cry59Ba1    0.877037 0.865185 0.885926 0.881481 0.862969 0.877037 0.854369 0.783704 0.780741 0.748148 0.805926 0.828148 0.877037 0.880000 0.850769 0.763636 0.894815 0.808889 0.786667 0.795556 0.816296 0.837037 0.875556 0.848889 0.820741 0.891852 0.840000 0.875556 0.794074 0.784431 0.760000 0.802963 0.882963 0.826807 0.801481 0.785185 0.811852 0.770370 0.813333 0.893333 0.859259 0.823704 0.884444 0.000000 0.887407 0.783704 0.815152 0.771852 0.783704 0.800000 0.892575 0.783704 0.853333 0.810370 0.810370 0.804444 0.871064 0.717037 0.850370 0.762963 0.797037 0.777778 0.804444 0.886997 0.831111 0.814815 0.788148 0.810370 0.896296 0.791111 0.816296 0.783704 0.774815 0.760000 0.794074 0.816296 0.894815 0.776296 0.883096 0.888889 0.893333 0.825185 0.899682
Cry31Ac2    0.893316 0.888175 0.889460 0.881748 0.895595 0.873938 0.857605 0.894602 0.875367 0.888889 0.899743 0.897172 0.895887 0.897172 0.867692 0.871212 0.890582 0.851312 0.894602 0.874036 0.893316 0.886889 0.880463 0.850900 0.884319 0.895887 0.899743 0.847278 0.888175 0.865269 0.875000 0.882438 0.899743 0.882530 0.857771 0.899743 0.864706 0.897172 0.897172 0.894602 0.899743 0.902314 0.898458 0.887407 0.000000 0.894602 0.837879 0.876344 0.889819 0.890988 0.895735 0.893316 0.887740 0.895887 0.899743 0.892031 0.877061 0.872279 0.901163 0.899743 0.885604 0.882353 0.889946 0.891641 0.898458 0.901028 0.886889 0.883033 0.890746 0.877892 0.892031 0.892031 0.892128 0.899743 0.894602 0.899743 0.892031 0.895688 0.889415 0.889460 0.886889 0.885201 0.886943
Cry69Aa2    0.864757 0.894147 0.873518 0.833052 0.848287 0.876771 0.851133 0.718563 0.812317 0.801481 0.767842 0.836562 0.752660 0.790476 0.796923 0.756061 0.885042 0.813411 0.684585 0.807407 0.716931 0.769754 0.882915 0.860123 0.837963 0.897583 0.761596 0.887118 0.812968 0.711078 0.786932 0.796807 0.882724 0.808735 0.815249 0.750199 0.807353 0.847073 0.722944 0.902922 0.879842 0.850384 0.877470 0.783704 0.894602 0.000000 0.789394 0.830645 0.771269 0.784884 0.890995 0.695617 0.754801 0.757312 0.833333 0.714996 0.863568 0.789550 0.872093 0.712084 0.748617 0.858824 0.819293 0.876161 0.708515 0.711002 0.669237 0.660774 0.899075 0.795792 0.678604 0.718924 0.765306 0.714052 0.713719 0.649241 0.878294 0.763561 0.849921 0.895645 0.874654 0.843707 0.676752
Cry3Ba3     0.848485 0.869697 0.878788 0.901515 0.818923 0.857576 0.822006 0.701515 0.774242 0.806061 0.716667 0.815152 0.793939 0.836364 0.810769 0.786364 0.896970 0.774242 0.778788 0.784848 0.701515 0.798485 0.892424 0.872727 0.753030 0.887879 0.850000 0.875758 0.787879 0.736364 0.801515 0.833333 0.887879 0.840909 0.795455 0.703030 0.781818 0.827273 0.765152 0.883333 0.878788 0.778788 0.859091 0.815152 0.837879 0.789394 0.000000 0.783333 0.751515 0.780303 0.892575 0.716667 0.712121 0.783333 0.798485 0.742424 0.866667 0.790909 0.828788 0.756061 0.807576 0.769697 0.786364 0.882353 0.789394 0.818182 0.762121 0.769697 0.893939 0.760606 0.696970 0.736364 0.757576 0.757576 0.830303 0.763636 0.886364 0.680303 0.856240 0.886364 0.895455 0.759091 0.891720
Cry54Ab1    0.887097 0.879032 0.884409 0.887097 0.858075 0.895184 0.838188 0.827957 0.797654 0.792593 0.868280 0.822581 0.776882 0.900538 0.773846 0.769697 0.891967 0.765306 0.811828 0.810484 0.869624 0.840054 0.883065 0.866935 0.850806 0.883065 0.844086 0.877688 0.821237 0.785928 0.785511 0.724238 0.889785 0.760542 0.807918 0.829301 0.754412 0.861559 0.865591 0.880376 0.884409 0.819892 0.881720 0.771852 0.876344 0.830645 0.783333 0.000000 0.807531 0.818314 0.890995 0.797043 0.812408 0.784946 0.822581 0.809140 0.863568 0.785196 0.847384 0.762097 0.801075 0.588235 0.751359 0.879257 0.763441 0.655914 0.790323 0.775538 0.892473 0.827957 0.795699 0.844086 0.778426 0.754032 0.751344 0.817204 0.891129 0.834492 0.881517 0.883065 0.896505 0.821577 0.896497
Cry71Aa1    0.859135 0.859135 0.895397 0.892608 0.835237 0.864023 0.831715 0.767085 0.778592 0.819259 0.748954 0.793584 0.836820 0.863319 0.800000 0.759091 0.902371 0.788630 0.691771 0.781032 0.747559 0.845188 0.892608 0.860530 0.782427 0.887029 0.839609 0.877266 0.789400 0.663174 0.776989 0.788099 0.885635 0.775602 0.791789 0.755927 0.761765 0.810321 0.783821 0.873082 0.892608 0.811715 0.891213 0.783704 0.889819 0.771269 0.751515 0.807531 0.000000 0.623547 0.898894 0.762901 0.791728 0.817294 0.834031 0.762901 0.871064 0.759071 0.840116 0.796374 0.825662 0.801471 0.825662 0.874613 0.794979 0.825662 0.817294 0.786611 0.894003 0.792190 0.719665 0.767085 0.759475 0.786611 0.822873 0.757322 0.884240 0.741980 0.848341 0.896792 0.898187 0.828452 0.891720
Cry72Aa1    0.850291 0.882267 0.882267 0.886628 0.827080 0.860465 0.825243 0.795058 0.800587 0.810370 0.818314 0.829942 0.818314 0.877907 0.820000 0.792424 0.899709 0.819242 0.811047 0.811047 0.790698 0.840116 0.893895 0.867733 0.809593 0.882267 0.857558 0.886628 0.816860 0.764970 0.787791 0.784884 0.861919 0.816265 0.819648 0.768895 0.823529 0.825581 0.821221 0.876453 0.895349 0.828488 0.872093 0.800000 0.890988 0.784884 0.780303 0.818314 0.623547 0.000000 0.894155 0.792151 0.810931 0.844477 0.815407 0.812500 0.872564 0.800872 0.863372 0.793605 0.843023 0.836765 0.818314 0.871517 0.789244 0.825581 0.786337 0.822674 0.882267 0.796512 0.758721 0.777616 0.778426 0.780523 0.821221 0.824128 0.888081 0.768895 0.859400 0.889535 0.902616 0.829942 0.894904
Cry22Bb1    0.902054 0.890995 0.884676 0.886256 0.903752 0.897314 0.885113 0.890995 0.903633 0.897314 0.887836 0.889415 0.890995 0.898894 0.895735 0.887836 0.483412 0.892575 0.886256 0.889415 0.898894 0.892575 0.894155 0.886256 0.892575 0.889415 0.887836 0.884676 0.892575 0.902054 0.898894 0.897314 0.892575 0.895735 0.890995 0.890995 0.892575 0.902054 0.887836 0.884676 0.887836 0.902054 0.883096 0.892575 0.895735 0.890995 0.892575 0.890995 0.898894 0.894155 0.000000 0.887836 0.897314 0.889415 0.895735 0.887836 0.902054 0.884676 0.897314 0.890995 0.875197 0.886256 0.887836 0.903633 0.889415 0.889415 0.887836 0.887836 0.900474 0.897314 0.884676 0.881517 0.890995 0.889415 0.890995 0.894155 0.900474 0.898894 0.900474 0.887836 0.890995 0.897314 0.904459
Cry8Ta1     0.848214 0.889166 0.866071 0.878583 0.841762 0.855524 0.833333 0.625321 0.797654 0.834074 0.678418 0.845036 0.703014 0.774892 0.820000 0.793939 0.896122 0.784257 0.715909 0.785185 0.649030 0.781648 0.884110 0.892025 0.820602 0.890679 0.779221 0.899070 0.788030 0.721557 0.782670 0.777939 0.872636 0.814759 0.815249 0.651786 0.786765 0.831541 0.718615 0.892554 0.866071 0.820972 0.862825 0.783704 0.893316 0.695617 0.716667 0.797043 0.762901 0.792151 0.887836 0.000000 0.778434 0.741071 0.832051 0.666943 0.848576 0.761974 0.854651 0.761364 0.735390 0.779412 0.823370 0.879257 0.758734 0.746305 0.706941 0.724747 0.892347 0.803218 0.424242 0.548237 0.766764 0.714869 0.728896 0.693086 0.885822 0.692629 0.857820 0.857847 0.881106 0.821577 0.759554
